0.01, 0.00557642
-0.01, -0.0128563
0.02, 0.00841055
-0.02, -0.0112394
0.03, 0.0110771
-0.03, -0.00976788
0.04, 0.0124209
-0.04, -0.00886681
0.05, 0.00940221
-0.05, -0.0108905
0.06, 0.0106806
-0.06, -0.0109172
0.07, 0.0100725
-0.07, -0.0119816
0.08, 0.0102702
-0.08, -0.0115288
0.09, 0.0116567
-0.09, -0.0114603
0.1, 0.011519
-0.1, -0.0105806
0.11, 0.011252
-0.11, -0.0116897
0.12, 0.0110268
-0.12, -0.0117242
0.13, 0.011408
-0.13, -0.0114366
0.14, 0.0115985
-0.14, -0.0117368
0.15, 0.0110264
-0.15, -0.0109396
0.16, 0.0112518
-0.16, -0.0108917
0.17, 0.011785
-0.17, -0.0113937
0.18, 0.0113321
-0.18, -0.0108118
0.19, 0.0111373
-0.19, -0.0109002
0.2, 0.011251
-0.2, -0.010956
0.21, 0.012635
-0.21, -0.0116305
0.22, 0.0116297
-0.22, -0.01095
0.23, 0.0116296
-0.23, -0.0110176
0.24, 0.0116249
-0.24, -0.0111708
0.25, 0.0111923
-0.25, -0.0109026
0.26, 0.0111907
-0.26, -0.0112026
0.27, 0.0110261
-0.27, -0.0110685
0.28, 0.0108806
-0.28, -0.0109673
0.29, 0.0118321
-0.29, -0.0113923
0.3, 0.0111076
-0.3, -0.0112866
0.31, 0.0113656
-0.31, -0.0109126
0.32, 0.00484659
-0.32, -0.0110558
0.33, 0.0110943
-0.33, -0.0113888
0.34, 0.0109226
-0.34, -0.0110337
0.35, 0.0110222
-0.35, -0.0111272
0.36, 0.010965
-0.36, -0.0100223
0.37, 0.0112761
-0.37, -0.0110945
0.38, 0.0106761
-0.38, -0.0109242
0.39, 0.0110656
-0.39, -0.0109861
0.4, 0.0106671
-0.4, -0.0106543
0.41, 0.00547055
-0.41, -0.0106201
0.42, 0.01149
-0.42, -0.0107421
0.43, 0.010949
-0.43, -0.0111179
0.44, 0.0110346
-0.44, -0.01082
0.45, 0.0112285
-0.45, -0.0109633
0.46, 0.011366
-0.46, -0.0114076
0.47, 0.0109166
-0.47, -0.0114202
0.48, 0.0116482
-0.48, -0.0114807
0.49, 0.0113272
-0.49, -0.00440285
0.5, 0.0114259
-0.5, -0.0113565
0.51, 0.0114049
-0.51, -0.0115535
0.52, 0.0113915
-0.52, -0.0115773
0.53, 0.0114677
-0.53, -0.00859383
0.54, 0.0113142
-0.54, -0.0113131
0.55, 0.0117653
-0.55, -0.0109916
0.56, 0.0112204
-0.56, -0.0115283
0.57, 0.0114107
-0.57, -0.0113531
0.58, 0.00573474
-0.58, -0.0114469
0.59, 0.0116732
-0.59, -0.0108812
0.6, 0.0112421
-0.6, -0.0114487
0.61, 0.0112852
-0.61, -0.0109411
0.62, 0.0108755
-0.62, -0.0108858
0.63, 0.0108981
-0.63, -0.0113644
0.64, 0.0110773
-0.64, -0.0113253
0.65, 0.0111467
-0.65, -0.0112036
0.66, 0.0110458
-0.66, -0.0053242
0.67, 0.0109557
-0.67, -0.0108781
0.68, 0.0111573
-0.68, -0.0109906
0.69, 0.0109036
-0.69, -0.0112378
0.7, 0.0112997
-0.7, -0.00762276
0.71, 0.0110236
-0.71, -0.0113747
0.72, 0.0110782
-0.72, -0.0109915
0.73, 0.0109859
-0.73, -0.0110451
0.74, 0.0112232
-0.74, -0.0111804
0.75, 0.0115715
-0.75, -0.0116714
0.76, 0.0112163
-0.76, -0.0115193
0.77, 0.0113989
-0.77, -0.0113916
0.78, 0.0114256
-0.78, -0.0118152
0.79, 0.0107091
-0.79, -0.00927581
0.8, 0.0111174
-0.8, -0.0110203
0.81, 0.0111501
-0.81, -0.0114633
0.82, 0.0111592
-0.82, -0.0114627
0.83, 0.0109727
-0.83, -0.0111061
0.84, 0.0116188
-0.84, -0.0117145
0.85, 0.0117206
-0.85, -0.0112096
0.86, 0.0118115
-0.86, -0.0116823
0.87, 0.0118745
-0.87, -0.0105566
0.88, 0.0116056
-0.88, -0.012103
0.89, 0.0115391
-0.89, -0.0117385
0.9, 0.0110122
-0.9, -0.0113317
0.91, 0.0113777
-0.91, -0.0113772
0.92, 0.00819406
-0.92, -0.0114099
0.93, 0.0105757
-0.93, -0.011126
0.94, 0.0110924
-0.94, -0.0115977
0.95, 0.0115266
-0.95, -0.0115658
0.96, 0.0107336
-0.96, -0.0117396
0.97, 0.0110175
-0.97, -0.0118588
0.98, 0.0100306
-0.98, -0.0114199
0.99, 0.0112076
-0.99, -0.00986669
1, 0.0105942
-1, -0.00728977
1.01, 0.011542
-1.01, -0.0112347
1.02, 0.0114082
-1.02, -0.0115422
1.03, 0.010799
-1.03, -0.0113486
1.04, 0.0112321
-1.04, -0.00556214
1.05, 0.0111903
-1.05, -0.0113462
1.06, 0.0104999
-1.06, -0.0109827
1.07, 0.0114121
-1.07, -0.011487
1.08, 0.0111501
-1.08, -0.0116736
1.09, 0.00927557
-1.09, -0.0108906
1.1, 0.0111054
-1.1, -0.0110896
1.11, 0.0112956
-1.11, -0.0115906
1.12, 0.0110995
-1.12, -0.0117472
1.13, 0.0108215
-1.13, -0.0117747
1.14, 0.0111861
-1.14, -0.0112982
1.15, 0.0112492
-1.15, -0.0113124
1.16, 0.0115778
-1.16, -0.0111531
1.17, 0.01121
-1.17, -0.00723377
1.18, 0.0108372
-1.18, -0.0113525
1.19, 0.0114265
-1.19, -0.0119678
1.2, 0.0112177
-1.2, -0.0109526
1.21, 0.0112601
-1.21, -0.0116126
1.22, 0.011557
-1.22, -0.0118035
1.23, 0.011642
-1.23, -0.0107683
1.24, 0.0113818
-1.24, -0.0121402
1.25, 0.0113368
-1.25, -0.0121463
1.26, -0.0012179
-1.26, -0.0119194
1.27, 0.0116031
-1.27, -0.0113098
1.28, 0.0118725
-1.28, -0.0114576
1.29, 0.0110571
-1.29, -0.0113941
1.3, 0.011301
-1.3, -0.0116232
1.31, 0.0113442
-1.31, -0.0113228
1.32, 0.0114849
-1.32, -0.0113306
1.33, 0.0115596
-1.33, -0.0113836
1.34, 0.0112
-1.34, 0.00119956
1.35, 0.0112666
-1.35, -0.011318
1.36, 0.0113305
-1.36, nan
1.37, nan
-1.37, nan
1.38, nan
-1.38, nan
1.39, nan
-1.39, nan
1.4, nan
-1.4, nan
1.41, nan
-1.41, nan
1.42, nan
-1.42, nan
1.43, nan
-1.43, nan
1.44, nan
-1.44, nan
1.45, nan
-1.45, nan
1.46, nan
-1.46, nan
1.47, nan
-1.47, nan
1.48, nan
-1.48, nan
1.49, nan
-1.49, nan
1.5, nan
-1.5, nan
1.51, nan
-1.51, nan
1.52, nan
-1.52, nan
1.53, nan
-1.53, nan
1.54, nan
-1.54, nan
1.55, nan
-1.55, nan
1.56, nan
-1.56, nan
1.57, nan
-1.57, nan
1.58, nan
-1.58, nan
1.59, nan
-1.59, nan
1.6, nan
-1.6, nan
1.61, nan
-1.61, nan
1.62, nan
-1.62, nan
1.63, nan
-1.63, nan
1.64, nan
-1.64, nan
1.65, nan
-1.65, nan
1.66, nan
-1.66, nan
1.67, nan
-1.67, nan
1.68, nan
-1.68, nan
1.69, nan
-1.69, nan
1.7, nan
-1.7, nan
1.71, nan
-1.71, nan
1.72, nan
-1.72, nan
1.73, nan
-1.73, nan
1.74, nan
-1.74, nan
1.75, nan
-1.75, nan
1.76, nan
-1.76, nan
1.77, nan
-1.77, nan
1.78, nan
-1.78, nan
1.79, nan
-1.79, nan
1.8, nan
-1.8, nan
1.81, nan
-1.81, nan
1.82, nan
-1.82, nan
1.83, nan
-1.83, nan
1.84, nan
-1.84, nan
1.85, nan
-1.85, nan
1.86, nan
-1.86, nan
1.87, nan
-1.87, nan
1.88, nan
-1.88, nan
1.89, nan
-1.89, nan
1.9, nan
-1.9, nan
1.91, nan
-1.91, nan
1.92, nan
-1.92, nan
1.93, nan
-1.93, nan
1.94, nan
-1.94, nan
1.95, nan
-1.95, nan
1.96, nan
-1.96, nan
1.97, nan
-1.97, nan
1.98, nan
-1.98, nan
1.99, nan
-1.99, nan
2, nan
-2, nan
2.01, nan
-2.01, nan
2.02, nan
-2.02, nan
2.03, nan
-2.03, nan
2.04, nan
-2.04, nan
2.05, nan
-2.05, nan
2.06, nan
-2.06, nan
2.07, nan
-2.07, nan
2.08, nan
-2.08, nan
2.09, nan
-2.09, nan
2.1, nan
-2.1, nan
2.11, nan
-2.11, nan
2.12, nan
-2.12, nan
2.13, nan
-2.13, nan
2.14, nan
-2.14, nan
2.15, nan
-2.15, nan
2.16, nan
-2.16, nan
2.17, nan
-2.17, nan
2.18, nan
-2.18, nan
2.19, nan
-2.19, nan
2.2, nan
-2.2, nan
2.21, nan
-2.21, nan
2.22, nan
-2.22, nan
2.23, nan
-2.23, nan
2.24, nan
-2.24, nan
2.25, nan
-2.25, nan
2.26, nan
-2.26, nan
2.27, nan
-2.27, nan
2.28, nan
-2.28, nan
2.29, nan
-2.29, nan
2.3, nan
-2.3, nan
2.31, nan
-2.31, nan
2.32, nan
-2.32, nan
2.33, nan
-2.33, nan
2.34, nan
-2.34, nan
2.35, nan
-2.35, nan
2.36, nan
-2.36, nan
2.37, nan
-2.37, nan
2.38, nan
-2.38, nan
2.39, nan
-2.39, nan
2.4, nan
-2.4, nan
2.41, nan
-2.41, nan
2.42, nan
-2.42, nan
2.43, nan
-2.43, nan
2.44, nan
-2.44, nan
2.45, nan
-2.45, nan
2.46, nan
-2.46, nan
2.47, nan
-2.47, nan
2.48, nan
-2.48, nan
2.49, nan
-2.49, nan
2.5, nan
-2.5, nan
2.51, nan
-2.51, nan
2.52, nan
-2.52, nan
2.53, nan
-2.53, nan
2.54, nan
-2.54, nan
2.55, nan
-2.55, nan
2.56, nan
-2.56, nan
2.57, nan
-2.57, nan
2.58, nan
-2.58, nan
2.59, nan
-2.59, nan
2.6, nan
-2.6, nan
2.61, nan
-2.61, nan
2.62, nan
-2.62, nan
2.63, nan
-2.63, nan
2.64, nan
-2.64, nan
2.65, nan
-2.65, nan
2.66, nan
-2.66, nan
2.67, nan
-2.67, nan
2.68, nan
-2.68, nan
2.69, nan
-2.69, nan
2.7, nan
-2.7, nan
2.71, nan
-2.71, nan
2.72, nan
-2.72, nan
2.73, nan
-2.73, nan
2.74, nan
-2.74, nan
2.75, nan
-2.75, nan
2.76, nan
-2.76, nan
2.77, nan
-2.77, nan
2.78, nan
-2.78, nan
2.79, nan
-2.79, nan
2.8, nan
-2.8, nan
2.81, nan
-2.81, nan
2.82, nan
-2.82, nan
2.83, nan
-2.83, nan
2.84, nan
-2.84, nan
2.85, nan
-2.85, nan
2.86, nan
-2.86, nan
2.87, nan
-2.87, nan
2.88, nan
-2.88, nan
2.89, nan
-2.89, nan
2.9, nan
-2.9, nan
2.91, nan
-2.91, nan
2.92, nan
-2.92, nan
2.93, nan
-2.93, nan
2.94, nan
-2.94, nan
2.95, nan
-2.95, nan
2.96, nan
-2.96, nan
2.97, nan
-2.97, nan
2.98, nan
-2.98, nan
2.99, nan
-2.99, nan
3, nan
-3, nan
3.01, nan
-3.01, nan
3.02, nan
-3.02, nan
3.03, nan
-3.03, nan
3.04, nan
-3.04, nan
3.05, nan
-3.05, nan
3.06, nan
-3.06, nan
3.07, nan
-3.07, nan
3.08, nan
-3.08, nan
3.09, nan
-3.09, nan
3.1, nan
-3.1, nan
3.11, nan
-3.11, nan
3.12, nan
-3.12, nan
3.13, nan
-3.13, nan
3.14, nan
-3.14, nan
3.15, nan
-3.15, nan
3.16, nan
-3.16, nan
3.17, nan
-3.17, nan
3.18, nan
-3.18, nan
3.19, nan
-3.19, nan
3.2, nan
-3.2, nan
3.21, nan
-3.21, nan
3.22, nan
-3.22, nan
3.23, nan
-3.23, nan
3.24, nan
-3.24, nan
3.25, nan
-3.25, nan
3.26, nan
-3.26, nan
3.27, nan
-3.27, nan
3.28, nan
-3.28, nan
3.29, nan
-3.29, nan
3.3, nan
-3.3, nan
3.31, nan
-3.31, nan
3.32, nan
-3.32, nan
3.33, nan
-3.33, nan
3.34, nan
-3.34, nan
3.35, nan
-3.35, nan
3.36, nan
-3.36, nan
3.37, nan
-3.37, nan
3.38, nan
-3.38, nan
3.39, nan
-3.39, nan
3.4, nan
-3.4, nan
3.41, nan
-3.41, nan
3.42, nan
-3.42, nan
3.43, nan
-3.43, nan
3.44, nan
-3.44, nan
3.45, nan
-3.45, nan
3.46, nan
-3.46, nan
3.47, nan
-3.47, nan
3.48, nan
-3.48, nan
3.49, nan
-3.49, nan
3.5, nan
-3.5, nan
3.51, nan
-3.51, nan
3.52, nan
-3.52, nan
3.53, nan
-3.53, nan
3.54, nan
-3.54, nan
3.55, nan
-3.55, nan
3.56, nan
-3.56, nan
3.57, nan
-3.57, nan
3.58, nan
-3.58, nan
3.59, nan
-3.59, nan
3.6, nan
-3.6, nan
3.61, nan
-3.61, nan
3.62, nan
-3.62, nan
3.63, nan
-3.63, nan
3.64, nan
-3.64, nan
3.65, nan
-3.65, nan
3.66, nan
-3.66, nan
3.67, nan
-3.67, nan
3.68, nan
-3.68, nan
3.69, nan
-3.69, nan
3.7, nan
-3.7, nan
3.71, nan
-3.71, nan
3.72, nan
-3.72, nan
3.73, nan
-3.73, nan
3.74, nan
-3.74, nan
3.75, nan
-3.75, nan
3.76, nan
-3.76, nan
3.77, nan
-3.77, nan
3.78, nan
-3.78, nan
3.79, nan
-3.79, nan
3.8, nan
-3.8, nan
3.81, nan
-3.81, nan
3.82, nan
-3.82, nan
3.83, nan
-3.83, nan
3.84, nan
-3.84, nan
3.85, nan
-3.85, nan
3.86, nan
-3.86, nan
3.87, nan
-3.87, nan
3.88, nan
-3.88, nan
3.89, nan
-3.89, nan
3.9, nan
-3.9, nan
3.91, nan
-3.91, nan
3.92, nan
-3.92, nan
3.93, nan
-3.93, nan
3.94, nan
-3.94, nan
3.95, nan
-3.95, nan
3.96, nan
-3.96, nan
3.97, nan
-3.97, nan
3.98, nan
-3.98, nan
3.99, nan
-3.99, nan
4, nan
-4, nan
4.01, nan
-4.01, nan
4.02, nan
-4.02, nan
4.03, nan
-4.03, nan
4.04, nan
-4.04, nan
4.05, nan
-4.05, nan
4.06, nan
-4.06, nan
4.07, nan
-4.07, nan
4.08, nan
-4.08, nan
4.09, nan
-4.09, nan
4.1, nan
-4.1, nan
4.11, nan
-4.11, nan
4.12, nan
-4.12, nan
4.13, nan
-4.13, nan
4.14, nan
-4.14, nan
4.15, nan
-4.15, nan
4.16, nan
-4.16, nan
4.17, nan
-4.17, nan
4.18, nan
-4.18, nan
4.19, nan
-4.19, nan
4.2, nan
-4.2, nan
4.21, nan
-4.21, nan
4.22, nan
-4.22, nan
4.23, nan
-4.23, nan
4.24, nan
-4.24, nan
4.25, nan
-4.25, nan
4.26, nan
-4.26, nan
4.27, nan
-4.27, nan
4.28, nan
-4.28, nan
4.29, nan
-4.29, nan
4.3, nan
-4.3, nan
4.31, nan
-4.31, nan
4.32, nan
-4.32, nan
4.33, nan
-4.33, nan
4.34, nan
-4.34, nan
4.35, nan
-4.35, nan
4.36, nan
-4.36, nan
4.37, nan
-4.37, nan
4.38, nan
-4.38, nan
4.39, nan
-4.39, nan
4.4, nan
-4.4, nan
4.41, nan
-4.41, nan
4.42, nan
-4.42, nan
4.43, nan
-4.43, nan
4.44, nan
-4.44, nan
4.45, nan
-4.45, nan
4.46, nan
-4.46, nan
4.47, nan
-4.47, nan
4.48, nan
-4.48, nan
4.49, nan
-4.49, nan
4.5, nan
-4.5, nan
4.51, nan
-4.51, nan
4.52, nan
-4.52, nan
4.53, nan
-4.53, nan
4.54, nan
-4.54, nan
4.55, nan
-4.55, nan
4.56, nan
-4.56, nan
4.57, nan
-4.57, nan
4.58, nan
-4.58, nan
4.59, nan
-4.59, nan
4.6, nan
-4.6, nan
4.61, nan
-4.61, nan
4.62, nan
-4.62, nan
4.63, nan
-4.63, nan
4.64, nan
-4.64, nan
4.65, nan
-4.65, nan
4.66, nan
-4.66, nan
4.67, nan
-4.67, nan
4.68, nan
-4.68, nan
4.69, nan
-4.69, nan
4.7, nan
-4.7, nan
4.71, nan
-4.71, nan
4.72, nan
-4.72, nan
4.73, nan
-4.73, nan
4.74, nan
-4.74, nan
4.75, nan
-4.75, nan
4.76, nan
-4.76, nan
4.77, nan
-4.77, nan
4.78, nan
-4.78, nan
4.79, nan
-4.79, nan
4.8, nan
-4.8, nan
4.81, nan
-4.81, nan
4.82, nan
-4.82, nan
4.83, nan
-4.83, nan
4.84, nan
-4.84, nan
4.85, nan
-4.85, nan
4.86, nan
-4.86, nan
4.87, nan
-4.87, nan
4.88, nan
-4.88, nan
4.89, nan
-4.89, nan
4.9, nan
-4.9, nan
4.91, nan
-4.91, nan
4.92, nan
-4.92, nan
4.93, nan
-4.93, nan
4.94, nan
-4.94, nan
4.95, nan
-4.95, nan
4.96, nan
-4.96, nan
4.97, nan
-4.97, nan
4.98, nan
-4.98, nan
4.99, nan
-4.99, nan
5, nan
-5, nan
5.01, nan
-5.01, nan
5.02, nan
-5.02, nan
5.03, nan
-5.03, nan
5.04, nan
-5.04, nan
5.05, nan
-5.05, nan
5.06, nan
-5.06, nan
5.07, nan
-5.07, nan
5.08, nan
-5.08, nan
5.09, nan
-5.09, nan
5.1, nan
-5.1, nan
5.11, nan
-5.11, nan
5.12, nan
-5.12, nan
5.13, nan
-5.13, nan
5.14, nan
-5.14, nan
5.15, nan
-5.15, nan
5.16, nan
-5.16, nan
5.17, nan
-5.17, nan
5.18, nan
-5.18, nan
5.19, nan
-5.19, nan
5.2, nan
-5.2, nan
5.21, nan
-5.21, nan
5.22, nan
-5.22, nan
5.23, nan
-5.23, nan
5.24, nan
-5.24, nan
5.25, nan
-5.25, nan
5.26, nan
-5.26, nan
5.27, nan
-5.27, nan
5.28, nan
-5.28, nan
5.29, nan
-5.29, nan
5.3, nan
-5.3, nan
5.31, nan
-5.31, nan
5.32, nan
-5.32, nan
5.33, nan
-5.33, nan
5.34, nan
-5.34, nan
5.35, nan
-5.35, nan
5.36, nan
-5.36, nan
5.37, nan
-5.37, nan
5.38, nan
-5.38, nan
5.39, nan
-5.39, nan
5.4, nan
-5.4, nan
5.41, nan
-5.41, nan
5.42, nan
-5.42, nan
5.43, nan
-5.43, nan
5.44, nan
-5.44, nan
5.45, nan
-5.45, nan
5.46, nan
-5.46, nan
5.47, nan
-5.47, nan
5.48, nan
-5.48, nan
5.49, nan
-5.49, nan
5.5, nan
-5.5, nan
5.51, nan
-5.51, nan
5.52, nan
-5.52, nan
5.53, nan
-5.53, nan
5.54, nan
-5.54, nan
5.55, nan
-5.55, nan
5.56, nan
-5.56, nan
5.57, nan
-5.57, nan
5.58, nan
-5.58, nan
5.59, nan
-5.59, nan
5.6, nan
-5.6, nan
5.61, nan
-5.61, nan
5.62, nan
-5.62, nan
5.63, nan
-5.63, nan
5.64, nan
-5.64, nan
5.65, nan
-5.65, nan
5.66, nan
-5.66, nan
5.67, nan
-5.67, nan
5.68, nan
-5.68, nan
5.69, nan
-5.69, nan
5.7, nan
-5.7, nan
5.71, nan
-5.71, nan
5.72, nan
-5.72, nan
5.73, nan
-5.73, nan
5.74, nan
-5.74, nan
5.75, nan
-5.75, nan
5.76, nan
-5.76, nan
5.77, nan
-5.77, nan
5.78, nan
-5.78, nan
5.79, nan
-5.79, nan
5.8, nan
-5.8, nan
5.81, nan
-5.81, nan
5.82, nan
-5.82, nan
5.83, nan
-5.83, nan
5.84, nan
-5.84, nan
5.85, nan
-5.85, nan
5.86, nan
-5.86, nan
5.87, nan
-5.87, nan
5.88, nan
-5.88, nan
5.89, nan
-5.89, nan
5.9, nan
-5.9, nan
5.91, nan
-5.91, nan
5.92, nan
-5.92, nan
5.93, nan
-5.93, nan
5.94, nan
-5.94, nan
5.95, nan
-5.95, nan
5.96, nan
-5.96, nan
5.97, nan
-5.97, nan
5.98, nan
-5.98, nan
5.99, nan
-5.99, nan
6, nan
-6, nan
6.01, nan
-6.01, nan
6.02, nan
-6.02, nan
6.03, nan
-6.03, nan
6.04, nan
-6.04, nan
6.05, nan
-6.05, nan
6.06, nan
-6.06, nan
6.07, nan
-6.07, nan
6.08, nan
-6.08, nan
6.09, nan
-6.09, nan
6.1, nan
-6.1, nan
6.11, nan
-6.11, nan
6.12, nan
-6.12, nan
6.13, nan
-6.13, nan
6.14, nan
-6.14, nan
6.15, nan
-6.15, nan
6.16, nan
-6.16, nan
6.17, nan
-6.17, nan
6.18, nan
-6.18, nan
6.19, nan
-6.19, nan
6.2, nan
-6.2, nan
6.21, nan
-6.21, nan
6.22, nan
-6.22, nan
6.23, nan
-6.23, nan
6.24, nan
-6.24, nan
6.25, nan
-6.25, nan
6.26, nan
-6.26, nan
6.27, nan
-6.27, nan
6.28, nan
-6.28, nan
6.29, nan
-6.29, nan
6.3, nan
-6.3, nan
6.31, nan
-6.31, nan
6.32, nan
-6.32, nan
6.33, nan
-6.33, nan
6.34, nan
-6.34, nan
6.35, nan
-6.35, nan
6.36, nan
-6.36, nan
6.37, nan
-6.37, nan
6.38, nan
-6.38, nan
6.39, nan
-6.39, nan
6.4, nan
-6.4, nan
6.41, nan
-6.41, nan
6.42, nan
-6.42, nan
6.43, nan
-6.43, nan
6.44, nan
-6.44, nan
6.45, nan
-6.45, nan
6.46, nan
-6.46, nan
6.47, nan
-6.47, nan
6.48, nan
-6.48, nan
6.49, nan
-6.49, nan
6.5, nan
-6.5, nan
6.51, nan
-6.51, nan
6.52, nan
-6.52, nan
6.53, nan
-6.53, nan
6.54, nan
-6.54, nan
6.55, nan
-6.55, nan
6.56, nan
-6.56, nan
6.57, nan
-6.57, nan
6.58, nan
-6.58, nan
6.59, nan
-6.59, nan
6.6, nan
-6.6, nan
6.61, nan
-6.61, nan
6.62, nan
-6.62, nan
6.63, nan
-6.63, nan
6.64, nan
-6.64, nan
6.65, nan
-6.65, nan
6.66, nan
-6.66, nan
6.67, nan
-6.67, nan
6.68, nan
-6.68, nan
6.69, nan
-6.69, nan
6.7, nan
-6.7, nan
6.71, nan
-6.71, nan
6.72, nan
-6.72, nan
6.73, nan
-6.73, nan
6.74, nan
-6.74, nan
6.75, nan
-6.75, nan
6.76, nan
-6.76, nan
6.77, nan
-6.77, nan
6.78, nan
-6.78, nan
6.79, nan
-6.79, nan
6.8, nan
-6.8, nan
6.81, nan
-6.81, nan
6.82, nan
-6.82, nan
6.83, nan
-6.83, nan
6.84, nan
-6.84, nan
6.85, nan
-6.85, nan
6.86, nan
-6.86, nan
6.87, nan
-6.87, nan
6.88, nan
-6.88, nan
6.89, nan
-6.89, nan
6.9, nan
-6.9, nan
6.91, nan
-6.91, nan
6.92, nan
-6.92, nan
6.93, nan
-6.93, nan
6.94, nan
-6.94, nan
6.95, nan
-6.95, nan
6.96, nan
-6.96, nan
6.97, nan
-6.97, nan
6.98, nan
-6.98, nan
6.99, nan
-6.99, nan
7, nan
-7, nan
