0.01, 0.0130152
-0.01, -0.00481216
0.02, 0.0108593
-0.02, -0.00807769
0.03, 0.0104604
-0.03, -0.00939861
0.04, 0.0100891
-0.04, -0.0101674
0.05, 0.011714
-0.05, -0.00902047
0.06, 0.0116347
-0.06, -0.00897866
0.07, 0.0106139
-0.07, -0.00887778
0.08, 0.0111338
-0.08, -0.00964483
0.09, 0.0100164
-0.09, -0.009715
0.1, 0.010596
-0.1, -0.0100051
0.11, 0.00951357
-0.11, -0.00984102
0.12, 0.0095413
-0.12, -0.0101078
0.13, 0.00915658
-0.13, -0.0101026
0.14, 0.00942104
-0.14, -0.0103702
0.15, 0.0100711
-0.15, -0.0105998
0.16, 0.0102111
-0.16, -0.0107039
0.17, 0.0105767
-0.17, -0.0103868
0.18, 0.0104528
-0.18, -0.0107747
0.19, 0.0108735
-0.19, -0.0101148
0.2, 0.0110622
-0.2, -0.00994805
0.21, 0.0102
-0.21, -0.0101715
0.22, 0.0101415
-0.22, -0.00999994
0.23, 0.00987185
-0.23, -0.00989462
0.24, 0.0115013
-0.24, -0.00998487
0.25, 0.0100335
-0.25, -0.0097117
0.26, 0.010145
-0.26, -0.010052
0.27, 0.00989961
-0.27, -0.0102933
0.28, 0.010072
-0.28, -0.00988994
0.29, 0.0100386
-0.29, -0.00978375
0.3, 0.0102729
-0.3, -0.009795
0.31, 0.0098382
-0.31, -0.0101426
0.32, 0.0096974
-0.32, -0.0102577
0.33, 0.00996359
-0.33, -0.00990956
0.34, 0.0102562
-0.34, -0.0100704
0.35, 0.00985414
-0.35, -0.00986507
0.36, 0.00951554
-0.36, -0.00486416
0.37, 0.010086
-0.37, -0.00953573
0.38, 0.00993053
-0.38, -0.00982471
0.39, 0.00999374
-0.39, -0.00981587
0.4, 0.0100651
-0.4, -0.00988446
0.41, 0.00836522
-0.41, -0.0103721
0.42, 0.0100284
-0.42, -0.0101517
0.43, 0.0101124
-0.43, -0.00992876
0.44, 0.0101856
-0.44, -0.00998111
0.45, 0.00994283
-0.45, -0.0101977
0.46, 0.0101505
-0.46, -0.00983134
0.47, 0.00986557
-0.47, -0.0101362
0.48, 0.00988928
-0.48, -0.0102068
0.49, 0.00983052
-0.49, -0.00109866
0.5, 0.00993801
-0.5, -0.0103958
0.51, 0.00969481
-0.51, -0.0104024
0.52, 0.00998262
-0.52, -0.00999505
0.53, 0.0100657
-0.53, -0.0076067
0.54, 0.00997071
-0.54, -0.0099796
0.55, 0.0097536
-0.55, -0.00972253
0.56, 0.0103101
-0.56, -0.0100854
0.57, 0.0100524
-0.57, -0.0101067
0.58, 0.0101398
-0.58, -0.0097137
0.59, 0.0100982
-0.59, -0.0100781
0.6, 0.0102408
-0.6, -0.0100511
0.61, 0.0102289
-0.61, -0.00981182
0.62, 0.0101304
-0.62, -0.0102757
0.63, 0.0101823
-0.63, -0.00993004
0.64, 0.0101209
-0.64, -0.0100052
0.65, 0.00990739
-0.65, -0.00993912
0.66, 0.0102185
-0.66, -0.00277742
0.67, 0.0102707
-0.67, -0.0101894
0.68, 0.0103446
-0.68, -0.00994616
0.69, 0.00986927
-0.69, -0.00989001
0.7, 0.0107258
-0.7, -0.00761089
0.71, 0.0098242
-0.71, -0.0104563
0.72, 0.0102168
-0.72, -0.0102008
0.73, 0.0100033
-0.73, -0.0101795
0.74, 0.0103965
-0.74, -0.0100076
0.75, 0.0104814
-0.75, -0.0105524
0.76, 0.0102651
-0.76, -0.0101607
0.77, 0.0102855
-0.77, -0.0100582
0.78, 0.0101982
-0.78, -0.0102647
0.79, 0.010053
-0.79, -0.00785258
0.8, 0.0101233
-0.8, -0.0102487
0.81, 0.0103764
-0.81, -0.0103385
0.82, 0.0103416
-0.82, -0.00997886
0.83, 0.00988138
-0.83, -0.0101951
0.84, 0.0106051
-0.84, -0.0102943
0.85, 0.0107683
-0.85, -0.00992158
0.86, 0.0107675
-0.86, -0.010813
0.87, 0.0106305
-0.87, -0.00956467
0.88, 0.0111004
-0.88, -0.0110921
0.89, 0.010917
-0.89, -0.0104226
0.9, 0.0103763
-0.9, -0.0103775
0.91, 0.0105438
-0.91, -0.0101508
0.92, 0.0074845
-0.92, -0.0100685
0.93, 0.0102495
-0.93, -0.0103275
0.94, 0.0098717
-0.94, -0.010231
0.95, 0.0104551
-0.95, -0.0101306
0.96, 0.0100575
-0.96, -0.0101565
0.97, 0.0104706
-0.97, -0.0106584
0.98, 0.00993089
-0.98, -0.00956137
0.99, 0.010774
-0.99, -0.0101276
1, 0.0102444
-1, -0.00597422
1.01, 0.0104432
-1.01, -0.0101581
1.02, 0.010394
-1.02, -0.0104789
1.03, 0.0105267
-1.03, -0.0103239
1.04, 0.0103955
-1.04, -0.00818959
1.05, 0.0101565
-1.05, -0.00993014
1.06, 0.0101415
-1.06, -0.0105222
1.07, 0.0104847
-1.07, -0.0104037
1.08, 0.0106341
-1.08, -0.0102587
1.09, 0.00861652
-1.09, -0.0102603
1.1, 0.0104811
-1.1, -0.0104045
1.11, 0.0100715
-1.11, -0.0106771
1.12, 0.0113192
-1.12, -0.0105728
1.13, 0.0109641
-1.13, -0.0106576
1.14, 0.0108065
-1.14, -0.0103415
1.15, 0.0107779
-1.15, -0.0101385
1.16, 0.010703
-1.16, -0.0104703
1.17, 0.0104597
-1.17, -0.00918465
1.18, 0.0106636
-1.18, -0.0104339
1.19, 0.0106914
-1.19, -0.0103376
1.2, 0.0106708
-1.2, -0.0106609
1.21, 0.0105075
-1.21, -0.0106168
1.22, 0.0107306
-1.22, -0.0107473
1.23, 0.0113443
-1.23, -0.0101065
1.24, 0.0101263
-1.24, -0.0109549
1.25, 0.0102907
-1.25, -0.010799
1.26, 0.00594845
-1.26, -0.0109506
1.27, 0.0104776
-1.27, -0.0104448
1.28, 0.0110769
-1.28, -0.0101603
1.29, 0.010614
-1.29, -0.0103332
1.3, 0.0106843
-1.3, -0.0105535
1.31, 0.0105764
-1.31, -0.0105522
1.32, 0.0105342
-1.32, -0.010584
1.33, 0.0106202
-1.33, -0.0109233
1.34, 0.0104769
-1.34, -0.00395654
1.35, 0.0105162
-1.35, -0.010605
1.36, 0.0106216
-1.36, nan
1.37, nan
-1.37, nan
1.38, nan
-1.38, nan
1.39, nan
-1.39, nan
1.4, nan
-1.4, nan
1.41, nan
-1.41, nan
1.42, nan
-1.42, nan
1.43, nan
-1.43, nan
1.44, nan
-1.44, nan
1.45, nan
-1.45, nan
1.46, nan
-1.46, nan
1.47, nan
-1.47, nan
1.48, nan
-1.48, nan
1.49, nan
-1.49, nan
1.5, nan
-1.5, nan
1.51, nan
-1.51, nan
1.52, nan
-1.52, nan
1.53, nan
-1.53, nan
1.54, nan
-1.54, nan
1.55, nan
-1.55, nan
1.56, nan
-1.56, nan
1.57, nan
-1.57, nan
1.58, nan
-1.58, nan
1.59, nan
-1.59, nan
1.6, nan
-1.6, nan
1.61, nan
-1.61, nan
1.62, nan
-1.62, nan
1.63, nan
-1.63, nan
1.64, nan
-1.64, nan
1.65, nan
-1.65, nan
1.66, nan
-1.66, nan
1.67, nan
-1.67, nan
1.68, nan
-1.68, nan
1.69, nan
-1.69, nan
1.7, nan
-1.7, nan
1.71, nan
-1.71, nan
1.72, nan
-1.72, nan
1.73, nan
-1.73, nan
1.74, nan
-1.74, nan
1.75, nan
-1.75, nan
1.76, nan
-1.76, nan
1.77, nan
-1.77, nan
1.78, nan
-1.78, nan
1.79, nan
-1.79, nan
1.8, nan
-1.8, nan
1.81, nan
-1.81, nan
1.82, nan
-1.82, nan
1.83, nan
-1.83, nan
1.84, nan
-1.84, nan
1.85, nan
-1.85, nan
1.86, nan
-1.86, nan
1.87, nan
-1.87, nan
1.88, nan
-1.88, nan
1.89, nan
-1.89, nan
1.9, nan
-1.9, nan
1.91, nan
-1.91, nan
1.92, nan
-1.92, nan
1.93, nan
-1.93, nan
1.94, nan
-1.94, nan
1.95, nan
-1.95, nan
1.96, nan
-1.96, nan
1.97, nan
-1.97, nan
1.98, nan
-1.98, nan
1.99, nan
-1.99, nan
2, nan
-2, nan
2.01, nan
-2.01, nan
2.02, nan
-2.02, nan
2.03, nan
-2.03, nan
2.04, nan
-2.04, nan
2.05, nan
-2.05, nan
2.06, nan
-2.06, nan
2.07, nan
-2.07, nan
2.08, nan
-2.08, nan
2.09, nan
-2.09, nan
2.1, nan
-2.1, nan
2.11, nan
-2.11, nan
2.12, nan
-2.12, nan
2.13, nan
-2.13, nan
2.14, nan
-2.14, nan
2.15, nan
-2.15, nan
2.16, nan
-2.16, nan
2.17, nan
-2.17, nan
2.18, nan
-2.18, nan
2.19, nan
-2.19, nan
2.2, nan
-2.2, nan
2.21, nan
-2.21, nan
2.22, nan
-2.22, nan
2.23, nan
-2.23, nan
2.24, nan
-2.24, nan
2.25, nan
-2.25, nan
2.26, nan
-2.26, nan
2.27, nan
-2.27, nan
2.28, nan
-2.28, nan
2.29, nan
-2.29, nan
2.3, nan
-2.3, nan
2.31, nan
-2.31, nan
2.32, nan
-2.32, nan
2.33, nan
-2.33, nan
2.34, nan
-2.34, nan
2.35, nan
-2.35, nan
2.36, nan
-2.36, nan
2.37, nan
-2.37, nan
2.38, nan
-2.38, nan
2.39, nan
-2.39, nan
2.4, nan
-2.4, nan
2.41, nan
-2.41, nan
2.42, nan
-2.42, nan
2.43, nan
-2.43, nan
2.44, nan
-2.44, nan
2.45, nan
-2.45, nan
2.46, nan
-2.46, nan
2.47, nan
-2.47, nan
2.48, nan
-2.48, nan
2.49, nan
-2.49, nan
2.5, nan
-2.5, nan
2.51, nan
-2.51, nan
2.52, nan
-2.52, nan
2.53, nan
-2.53, nan
2.54, nan
-2.54, nan
2.55, nan
-2.55, nan
2.56, nan
-2.56, nan
2.57, nan
-2.57, nan
2.58, nan
-2.58, nan
2.59, nan
-2.59, nan
2.6, nan
-2.6, nan
2.61, nan
-2.61, nan
2.62, nan
-2.62, nan
2.63, nan
-2.63, nan
2.64, nan
-2.64, nan
2.65, nan
-2.65, nan
2.66, nan
-2.66, nan
2.67, nan
-2.67, nan
2.68, nan
-2.68, nan
2.69, nan
-2.69, nan
2.7, nan
-2.7, nan
2.71, nan
-2.71, nan
2.72, nan
-2.72, nan
2.73, nan
-2.73, nan
2.74, nan
-2.74, nan
2.75, nan
-2.75, nan
2.76, nan
-2.76, nan
2.77, nan
-2.77, nan
2.78, nan
-2.78, nan
2.79, nan
-2.79, nan
2.8, nan
-2.8, nan
2.81, nan
-2.81, nan
2.82, nan
-2.82, nan
2.83, nan
-2.83, nan
2.84, nan
-2.84, nan
2.85, nan
-2.85, nan
2.86, nan
-2.86, nan
2.87, nan
-2.87, nan
2.88, nan
-2.88, nan
2.89, nan
-2.89, nan
2.9, nan
-2.9, nan
2.91, nan
-2.91, nan
2.92, nan
-2.92, nan
2.93, nan
-2.93, nan
2.94, nan
-2.94, nan
2.95, nan
-2.95, nan
2.96, nan
-2.96, nan
2.97, nan
-2.97, nan
2.98, nan
-2.98, nan
2.99, nan
-2.99, nan
3, nan
-3, nan
3.01, nan
-3.01, nan
3.02, nan
-3.02, nan
3.03, nan
-3.03, nan
3.04, nan
-3.04, nan
3.05, nan
-3.05, nan
3.06, nan
-3.06, nan
3.07, nan
-3.07, nan
3.08, nan
-3.08, nan
3.09, nan
-3.09, nan
3.1, nan
-3.1, nan
3.11, nan
-3.11, nan
3.12, nan
-3.12, nan
3.13, nan
-3.13, nan
3.14, nan
-3.14, nan
3.15, nan
-3.15, nan
3.16, nan
-3.16, nan
3.17, nan
-3.17, nan
3.18, nan
-3.18, nan
3.19, nan
-3.19, nan
3.2, nan
-3.2, nan
3.21, nan
-3.21, nan
3.22, nan
-3.22, nan
3.23, nan
-3.23, nan
3.24, nan
-3.24, nan
3.25, nan
-3.25, nan
3.26, nan
-3.26, nan
3.27, nan
-3.27, nan
3.28, nan
-3.28, nan
3.29, nan
-3.29, nan
3.3, nan
-3.3, nan
3.31, nan
-3.31, nan
3.32, nan
-3.32, nan
3.33, nan
-3.33, nan
3.34, nan
-3.34, nan
3.35, nan
-3.35, nan
3.36, nan
-3.36, nan
3.37, nan
-3.37, nan
3.38, nan
-3.38, nan
3.39, nan
-3.39, nan
3.4, nan
-3.4, nan
3.41, nan
-3.41, nan
3.42, nan
-3.42, nan
3.43, nan
-3.43, nan
3.44, nan
-3.44, nan
3.45, nan
-3.45, nan
3.46, nan
-3.46, nan
3.47, nan
-3.47, nan
3.48, nan
-3.48, nan
3.49, nan
-3.49, nan
3.5, nan
-3.5, nan
3.51, nan
-3.51, nan
3.52, nan
-3.52, nan
3.53, nan
-3.53, nan
3.54, nan
-3.54, nan
3.55, nan
-3.55, nan
3.56, nan
-3.56, nan
3.57, nan
-3.57, nan
3.58, nan
-3.58, nan
3.59, nan
-3.59, nan
3.6, nan
-3.6, nan
3.61, nan
-3.61, nan
3.62, nan
-3.62, nan
3.63, nan
-3.63, nan
3.64, nan
-3.64, nan
3.65, nan
-3.65, nan
3.66, nan
-3.66, nan
3.67, nan
-3.67, nan
3.68, nan
-3.68, nan
3.69, nan
-3.69, nan
3.7, nan
-3.7, nan
3.71, nan
-3.71, nan
3.72, nan
-3.72, nan
3.73, nan
-3.73, nan
3.74, nan
-3.74, nan
3.75, nan
-3.75, nan
3.76, nan
-3.76, nan
3.77, nan
-3.77, nan
3.78, nan
-3.78, nan
3.79, nan
-3.79, nan
3.8, nan
-3.8, nan
3.81, nan
-3.81, nan
3.82, nan
-3.82, nan
3.83, nan
-3.83, nan
3.84, nan
-3.84, nan
3.85, nan
-3.85, nan
3.86, nan
-3.86, nan
3.87, nan
-3.87, nan
3.88, nan
-3.88, nan
3.89, nan
-3.89, nan
3.9, nan
-3.9, nan
3.91, nan
-3.91, nan
3.92, nan
-3.92, nan
3.93, nan
-3.93, nan
3.94, nan
-3.94, nan
3.95, nan
-3.95, nan
3.96, nan
-3.96, nan
3.97, nan
-3.97, nan
3.98, nan
-3.98, nan
3.99, nan
-3.99, nan
4, nan
-4, nan
4.01, nan
-4.01, nan
4.02, nan
-4.02, nan
4.03, nan
-4.03, nan
4.04, nan
-4.04, nan
4.05, nan
-4.05, nan
4.06, nan
-4.06, nan
4.07, nan
-4.07, nan
4.08, nan
-4.08, nan
4.09, nan
-4.09, nan
4.1, nan
-4.1, nan
4.11, nan
-4.11, nan
4.12, nan
-4.12, nan
4.13, nan
-4.13, nan
4.14, nan
-4.14, nan
4.15, nan
-4.15, nan
4.16, nan
-4.16, nan
4.17, nan
-4.17, nan
4.18, nan
-4.18, nan
4.19, nan
-4.19, nan
4.2, nan
-4.2, nan
4.21, nan
-4.21, nan
4.22, nan
-4.22, nan
4.23, nan
-4.23, nan
4.24, nan
-4.24, nan
4.25, nan
-4.25, nan
4.26, nan
-4.26, nan
4.27, nan
-4.27, nan
4.28, nan
-4.28, nan
4.29, nan
-4.29, nan
4.3, nan
-4.3, nan
4.31, nan
-4.31, nan
4.32, nan
-4.32, nan
4.33, nan
-4.33, nan
4.34, nan
-4.34, nan
4.35, nan
-4.35, nan
4.36, nan
-4.36, nan
4.37, nan
-4.37, nan
4.38, nan
-4.38, nan
4.39, nan
-4.39, nan
4.4, nan
-4.4, nan
4.41, nan
-4.41, nan
4.42, nan
-4.42, nan
4.43, nan
-4.43, nan
4.44, nan
-4.44, nan
4.45, nan
-4.45, nan
4.46, nan
-4.46, nan
4.47, nan
-4.47, nan
4.48, nan
-4.48, nan
4.49, nan
-4.49, nan
4.5, nan
-4.5, nan
4.51, nan
-4.51, nan
4.52, nan
-4.52, nan
4.53, nan
-4.53, nan
4.54, nan
-4.54, nan
4.55, nan
-4.55, nan
4.56, nan
-4.56, nan
4.57, nan
-4.57, nan
4.58, nan
-4.58, nan
4.59, nan
-4.59, nan
4.6, nan
-4.6, nan
4.61, nan
-4.61, nan
4.62, nan
-4.62, nan
4.63, nan
-4.63, nan
4.64, nan
-4.64, nan
4.65, nan
-4.65, nan
4.66, nan
-4.66, nan
4.67, nan
-4.67, nan
4.68, nan
-4.68, nan
4.69, nan
-4.69, nan
4.7, nan
-4.7, nan
4.71, nan
-4.71, nan
4.72, nan
-4.72, nan
4.73, nan
-4.73, nan
4.74, nan
-4.74, nan
4.75, nan
-4.75, nan
4.76, nan
-4.76, nan
4.77, nan
-4.77, nan
4.78, nan
-4.78, nan
4.79, nan
-4.79, nan
4.8, nan
-4.8, nan
4.81, nan
-4.81, nan
4.82, nan
-4.82, nan
4.83, nan
-4.83, nan
4.84, nan
-4.84, nan
4.85, nan
-4.85, nan
4.86, nan
-4.86, nan
4.87, nan
-4.87, nan
4.88, nan
-4.88, nan
4.89, nan
-4.89, nan
4.9, nan
-4.9, nan
4.91, nan
-4.91, nan
4.92, nan
-4.92, nan
4.93, nan
-4.93, nan
4.94, nan
-4.94, nan
4.95, nan
-4.95, nan
4.96, nan
-4.96, nan
4.97, nan
-4.97, nan
4.98, nan
-4.98, nan
4.99, nan
-4.99, nan
5, nan
-5, nan
5.01, nan
-5.01, nan
5.02, nan
-5.02, nan
5.03, nan
-5.03, nan
5.04, nan
-5.04, nan
5.05, nan
-5.05, nan
5.06, nan
-5.06, nan
5.07, nan
-5.07, nan
5.08, nan
-5.08, nan
5.09, nan
-5.09, nan
5.1, nan
-5.1, nan
5.11, nan
-5.11, nan
5.12, nan
-5.12, nan
5.13, nan
-5.13, nan
5.14, nan
-5.14, nan
5.15, nan
-5.15, nan
5.16, nan
-5.16, nan
5.17, nan
-5.17, nan
5.18, nan
-5.18, nan
5.19, nan
-5.19, nan
5.2, nan
-5.2, nan
5.21, nan
-5.21, nan
5.22, nan
-5.22, nan
5.23, nan
-5.23, nan
5.24, nan
-5.24, nan
5.25, nan
-5.25, nan
5.26, nan
-5.26, nan
5.27, nan
-5.27, nan
5.28, nan
-5.28, nan
5.29, nan
-5.29, nan
5.3, nan
-5.3, nan
5.31, nan
-5.31, nan
5.32, nan
-5.32, nan
5.33, nan
-5.33, nan
5.34, nan
-5.34, nan
5.35, nan
-5.35, nan
5.36, nan
-5.36, nan
5.37, nan
-5.37, nan
5.38, nan
-5.38, nan
5.39, nan
-5.39, nan
5.4, nan
-5.4, nan
5.41, nan
-5.41, nan
5.42, nan
-5.42, nan
5.43, nan
-5.43, nan
5.44, nan
-5.44, nan
5.45, nan
-5.45, nan
5.46, nan
-5.46, nan
5.47, nan
-5.47, nan
5.48, nan
-5.48, nan
5.49, nan
-5.49, nan
5.5, nan
-5.5, nan
5.51, nan
-5.51, nan
5.52, nan
-5.52, nan
5.53, nan
-5.53, nan
5.54, nan
-5.54, nan
5.55, nan
-5.55, nan
5.56, nan
-5.56, nan
5.57, nan
-5.57, nan
5.58, nan
-5.58, nan
5.59, nan
-5.59, nan
5.6, nan
-5.6, nan
5.61, nan
-5.61, nan
5.62, nan
-5.62, nan
5.63, nan
-5.63, nan
5.64, nan
-5.64, nan
5.65, nan
-5.65, nan
5.66, nan
-5.66, nan
5.67, nan
-5.67, nan
5.68, nan
-5.68, nan
5.69, nan
-5.69, nan
5.7, nan
-5.7, nan
5.71, nan
-5.71, nan
5.72, nan
-5.72, nan
5.73, nan
-5.73, nan
5.74, nan
-5.74, nan
5.75, nan
-5.75, nan
5.76, nan
-5.76, nan
5.77, nan
-5.77, nan
5.78, nan
-5.78, nan
5.79, nan
-5.79, nan
5.8, nan
-5.8, nan
5.81, nan
-5.81, nan
5.82, nan
-5.82, nan
5.83, nan
-5.83, nan
5.84, nan
-5.84, nan
5.85, nan
-5.85, nan
5.86, nan
-5.86, nan
5.87, nan
-5.87, nan
5.88, nan
-5.88, nan
5.89, nan
-5.89, nan
5.9, nan
-5.9, nan
5.91, nan
-5.91, nan
5.92, nan
-5.92, nan
5.93, nan
-5.93, nan
5.94, nan
-5.94, nan
5.95, nan
-5.95, nan
5.96, nan
-5.96, nan
5.97, nan
-5.97, nan
5.98, nan
-5.98, nan
5.99, nan
-5.99, nan
6, nan
-6, nan
6.01, nan
-6.01, nan
6.02, nan
-6.02, nan
6.03, nan
-6.03, nan
6.04, nan
-6.04, nan
6.05, nan
-6.05, nan
6.06, nan
-6.06, nan
6.07, nan
-6.07, nan
6.08, nan
-6.08, nan
6.09, nan
-6.09, nan
6.1, nan
-6.1, nan
6.11, nan
-6.11, nan
6.12, nan
-6.12, nan
6.13, nan
-6.13, nan
6.14, nan
-6.14, nan
6.15, nan
-6.15, nan
6.16, nan
-6.16, nan
6.17, nan
-6.17, nan
6.18, nan
-6.18, nan
6.19, nan
-6.19, nan
6.2, nan
-6.2, nan
6.21, nan
-6.21, nan
6.22, nan
-6.22, nan
6.23, nan
-6.23, nan
6.24, nan
-6.24, nan
6.25, nan
-6.25, nan
6.26, nan
-6.26, nan
6.27, nan
-6.27, nan
6.28, nan
-6.28, nan
6.29, nan
-6.29, nan
6.3, nan
-6.3, nan
6.31, nan
-6.31, nan
6.32, nan
-6.32, nan
6.33, nan
-6.33, nan
6.34, nan
-6.34, nan
6.35, nan
-6.35, nan
6.36, nan
-6.36, nan
6.37, nan
-6.37, nan
6.38, nan
-6.38, nan
6.39, nan
-6.39, nan
6.4, nan
-6.4, nan
6.41, nan
-6.41, nan
6.42, nan
-6.42, nan
6.43, nan
-6.43, nan
6.44, nan
-6.44, nan
6.45, nan
-6.45, nan
6.46, nan
-6.46, nan
6.47, nan
-6.47, nan
6.48, nan
-6.48, nan
6.49, nan
-6.49, nan
6.5, nan
-6.5, nan
6.51, nan
-6.51, nan
6.52, nan
-6.52, nan
6.53, nan
-6.53, nan
6.54, nan
-6.54, nan
6.55, nan
-6.55, nan
6.56, nan
-6.56, nan
6.57, nan
-6.57, nan
6.58, nan
-6.58, nan
6.59, nan
-6.59, nan
6.6, nan
-6.6, nan
6.61, nan
-6.61, nan
6.62, nan
-6.62, nan
6.63, nan
-6.63, nan
6.64, nan
-6.64, nan
6.65, nan
-6.65, nan
6.66, nan
-6.66, nan
6.67, nan
-6.67, nan
6.68, nan
-6.68, nan
6.69, nan
-6.69, nan
6.7, nan
-6.7, nan
6.71, nan
-6.71, nan
6.72, nan
-6.72, nan
6.73, nan
-6.73, nan
6.74, nan
-6.74, nan
6.75, nan
-6.75, nan
6.76, nan
-6.76, nan
6.77, nan
-6.77, nan
6.78, nan
-6.78, nan
6.79, nan
-6.79, nan
6.8, nan
-6.8, nan
6.81, nan
-6.81, nan
6.82, nan
-6.82, nan
6.83, nan
-6.83, nan
6.84, nan
-6.84, nan
6.85, nan
-6.85, nan
6.86, nan
-6.86, nan
6.87, nan
-6.87, nan
6.88, nan
-6.88, nan
6.89, nan
-6.89, nan
6.9, nan
-6.9, nan
6.91, nan
-6.91, nan
6.92, nan
-6.92, nan
6.93, nan
-6.93, nan
6.94, nan
-6.94, nan
6.95, nan
-6.95, nan
6.96, nan
-6.96, nan
6.97, nan
-6.97, nan
6.98, nan
-6.98, nan
6.99, nan
-6.99, nan
7, nan
-7, nan
